users  variant             ops/s (runs)     p50      p99    succ% srvCPU ops/core-s
   10     base     13886 (13988 / 13784)    0.39      6.0  100.000   4.08       3399
   10  current     16289 (16292 / 16285)    0.30      4.8  100.000   5.04       3235
   10   sqlite     20779 (20949 / 20609)    0.10      4.6  100.000    nan        nan
  100     base     16428 (16477 / 16378)    2.17     41.0   99.999   6.68       2459
  100  current     19695 (19475 / 19914)    0.79     42.1  100.000   7.02       2806
  100   sqlite     17538 (17223 / 17854)    0.23    100.6  100.000    nan        nan
  500     base     11126 (11401 / 10852)    5.03    263.9   99.761   7.38       1507
  500  current     16827 (16487 / 17167)    3.74    141.4  100.000   6.11       2754
  500   sqlite     14768 (14309 / 15226)    0.39   1108.4  100.000    nan        nan
 1000     base      9569 (9493 / 9645)    3.49    613.6   99.775   7.94       1204
 1000  current     16767 (17038 / 16497)    6.51    322.7  100.000   7.12       2353
 1000   sqlite     14445 (14304 / 14587)    0.56   2159.3  100.000    nan        nan
 2000     base      7793 (7487 / 8100)    6.14   5004.5   98.924   8.06        966
 2000  current     14017 (13962 / 14072)    6.53    573.0  100.000   5.55       2526
 2000   sqlite     13614 (13572 / 13657)    0.74   4018.0  100.000    nan        nan
